numberOfPoints; numberOfBuckets; rangeOfNumbers; numberOfThreads; timeExecStop; timeGenerateDataStop; timeSortBucketStop

1000000     4    100    1    0.0515936    0.0690701    0.0814528
1000000     4    100    2    0.148646    0.0584514    0.0814325
1000000     4    100    3    0.166344    0.0508067    0.0818375
1000000     4    100    4    0.230053    0.0574976    0.0845073
1000000     4    1000    1    0.0511854    0.065701    0.0834996
1000000     4    1000    2    0.15111    0.0681077    0.0840863
1000000     4    1000    3    0.189397    0.057775    0.0844318
1000000     4    1000    4    0.221796    0.0492298    0.0844631
1000000     4    10000    1    0.051191    0.0662195    0.0875508
1000000     4    10000    2    0.11698    0.0661115    0.0864382
1000000     4    10000    3    0.202098    0.0603057    0.0870359
1000000     4    10000    4    0.225537    0.0623853    0.0873537
1000000     20    100    1    0.0499401    0.0688174    0.0137646
1000000     20    100    2    0.151036    0.0615503    0.0137081
1000000     20    100    3    0.204756    0.0613175    0.0139405
1000000     20    100    4    0.23845    0.0521421    0.013886
1000000     20    1000    1    0.0497641    0.0657747    0.0142331
1000000     20    1000    2    0.16776    0.0524917    0.0143861
1000000     20    1000    3    0.185293    0.0617209    0.0144916
1000000     20    1000    4    0.210575    0.0569892    0.0145083
1000000     20    10000    1    0.0508305    0.0668632    0.0148136
1000000     20    10000    2    0.169559    0.0662355    0.0150224
1000000     20    10000    3    0.153661    0.0549168    0.015203
1000000     20    10000    4    0.210469    0.0587735    0.0153229
1000000     40    1000    1    0.0496049    0.065498    0.00662996
1000000     40    1000    2    0.144832    0.0614829    0.00684618
1000000     40    1000    3    0.156245    0.0593931    0.006765
1000000     40    1000    4    0.21007    0.0506219    0.00678688
1000000     40    10000    1    0.0497647    0.0660141    0.00693378
1000000     40    10000    2    0.160507    0.0650584    0.0070344
1000000     40    10000    3    0.204143    0.0576818    0.00687861
1000000     40    10000    4    0.196658    0.0479806    0.00694501
10000000     4    100    1    0.502762    0.661628    0.957144
10000000     4    100    2    1.515    0.668027    0.967091
10000000     4    100    3    1.92039    0.59576    0.970999
10000000     4    100    4    2.33127    0.508306    1.01077
10000000     4    1000    1    0.501314    0.643966    0.993204
10000000     4    1000    2    1.52475    0.557142    0.994623
10000000     4    1000    3    1.86452    0.578522    0.997861
10000000     4    1000    4    2.43239    0.529452    1.00516
10000000     4    10000    1    0.500738    0.645634    1.01771
10000000     4    10000    2    1.24802    0.601927    1.02375
10000000     4    10000    3    2.0062    0.557691    1.01787
10000000     4    10000    4    2.31496    0.52656    1.02425
10000000     20    100    1    0.512208    0.662644    0.168117
10000000     20    100    2    1.80798    0.652215    0.168412
10000000     20    100    3    2.07509    0.470999    0.16982
10000000     20    100    4    2.35864    0.576046    0.168692
10000000     20    1000    1    0.514233    0.643452    0.174924
10000000     20    1000    2    1.6474    0.633555    0.175641
10000000     20    1000    3    1.95779    0.586497    0.175325
10000000     20    1000    4    2.25998    0.577554    0.175481
10000000     20    10000    1    0.514905    0.647004    0.178722
10000000     20    10000    2    1.53079    0.631855    0.179911
10000000     20    10000    3    1.7099    0.599278    0.18027
10000000     20    10000    4    2.34569    0.617998    0.180692
10000000     40    1000    1    0.516199    0.641896    0.0825307
10000000     40    1000    2    1.80692    0.548508    0.0821233
10000000     40    1000    3    1.81113    0.5464    0.0823345
10000000     40    1000    4    2.30965    0.571089    0.0823589
10000000     40    10000    1    0.520378    0.646775    0.0846524
10000000     40    10000    2    1.41364    0.606453    0.0838632
10000000     40    10000    3    1.77033    0.517355    0.0845193
10000000     40    10000    4    2.11047    0.58705    0.0852158